Hg_4_2: 0.23007367716008
NIST610: # Pb values from Baker et al 2004, Chem Geol
  Pb_6_4: 17.052
  Pb_7_4: 15.515
  Pb_7_6: 0.90986
  Pb_8_4: 36.991
  Pb_8_6: 2.1694
NIST612: # Pb values from Baker et al 2004, Chem Geol
  Pb_6_4: 17.099
  Pb_7_4: 15.516
  Pb_7_6: 0.90745
  Pb_8_4: 37.020
  Pb_8_6: 2.1651